1870
1150
310
2310
1340
2100
2820
820
3130
1380
730
2730
1570
520
2520
1760
1190
2060
1220
2940
690
2690
940
3050
480
270
1030
1600
440
2440
3090
1410
2980
650
2650
980
1860
300
3120
2110
110
1350
830
2830
1390
1560
720
2530
530
3040
1230
2070
950
2680
680
2950
1900
1020
2260
260
2450
450
640
2990
1400
3080
1590
2800
800
2120
1360
3110
330
2330
1780
1850
1890
500
2500
1550
710
1010
250
1930
1200
2040
3070
670
1430
290
2460
1620
3100
810
2810
1370
2130
130
1160
2320
320
1790
2510
510
1880
1750
2700
700
2240
240
1000
1920
970
2970
2050
1210
1420
2660
660
2090
2280
280
1630
2470
1530
770
2180
2390
390
1720
2560
560
350
1830
3170
860
2860
2140
140
1300
400
1990
1640
2610
1450
3010
900
2900
1490
1260
3200
1070
2230
230
1950
760
2760
1520
190
2190
2380
570
1730
1100
340
2340
2870
870
1310
150
2150
3160
1650
1980
410
2410
1440
600
2600
1480
2910
910
2030
1270
3000
220
2220
1060
1690
1940
3210
2540
540
880
2750
750
2880
3190
3150
1320
840
2790
790
2840
2580
1130
2370
1280
1470
2630
630
2420
420
3220
1970
2210
210
3030
2000
1240
920
2920
1710
550
2550
3180
1500
2890
740
2740
890
170
2170
1330
2850
780
2780
850
1030
3140
1800
2590
360
2360
1120
1290
620
2620
1460
430
1080
1960
1040
200
1250
