4940
1970
4690
10910
8270
10030
2210
50
1050
4060
11000
6210
3220
5050
430
5970
10220
2000
1240
4270
4480
2920
3910
11210
3030
620
5240
5470
3600
9660
5280
1280
1470
4440
8980
10410
2630
5090
200
9470
3410
1660
4980
4650
10600
2420
90
1090
1320
4310
10340
7150
2160
2840
2790
3870
5320
6160
3150
2580
10870
4820
1810
1130
4100
10150
2370
11160
3340
6580
590
3380
3570
360
10760
2540
1700
4730
10190
3760
170
3190
10380
2880
10570
2750
1510
4520
420
5040
3230
11010
10900
4680
1960
4950
4070
1040
40
2200
10020
8260
3900
5250
630
3020
11200
9040
4260
1250
2010
10230
2930
8950
4490
1290
2620
10400
7610
4450
1460
3610
2430
10610
4640
4990
1670
1080
80
5080
3400
9460
210
6850
3860
3140
750
880
2170
10350
4300
1330
2780
7860
2850
3350
11170
540
1800
4830
2590
10860
8300
2360
10140
4110
1120
4720
1710
2550
10770
10180
3390
370
3560
10390
4530
1500
8720
2740
2890
10560
160
3770
9710
3180
2900
8960
1490
1260
4250
10200
2020
11230
3010
3930
1070
4040
10010
2230
10930
4960
1680
1950
5950
5680
410
5070
6230
11020
3200
3430
5640
220
4080
8460
10620
2400
1640
4670
1990
3620
10430
2610
1450
4460
4290
10170
2350
1110
4120
4800
1830
10780
10850
380
3590
11140
3360
8800
2860
7780
10590
10360
2140
1300
4330
3170
5300
190
3850
3780
6860
9830
870
150
3890
3740
1530
4500
10550
2770
2180
340
3550
11180
2390
1720
4710
10740
2560
10890
3000
11220
610
5270
3920
1480
8970
2910
2030
10210
4240
1270
3210
6220
11030
5060
400
8240
2220
10000
4050
1060
1940
1690
4970
10920
4090
1980
4660
1650
2410
10630
230
3420
4470
1440
2600
10420
4280
900
5440
3630
9650
3580
390
3370
11150
6340
4130
1100
2340
10160
10840
10790
1820
4810
3160
6150
3790
3840
180
2870
10580
8810
4320
1310
2150
10370
2760
10540
4510
1520
2190
6190
3750
3880
140
2380
2570
10880
10750
4700
1730
3540
350
11190
2670
7640
10450
4400
1430
2080
6080
3640
3990
5430
2290
10990
2460
10640
4610
1620
3450
240
11080
3490
280
5010
470
3260
11040
10
4020
1010
2250
10070
10950
10680
1930
4900
5200
3070
6040
11250
3680
3950
8900
10490
2960
4230
1200
2040
10260
4180
1890
4770
1740
2500
10720
320
3530
9550
4560
1550
2710
10530
8180
4390
130
3720
3110
6800
3830
1590
2800
8140
2120
10300
4350
1360
5850
9360
3300
