   1.5000000000000000        0.0000000000000000        281.16376670804289        3.8105566620074449     
   1.5000000000000000       6.25000000000000000E-002   224.88967198884981        3.3584028507497266     
   1.5000000000000000       0.12500000000000000        142.40581110651769        2.9510865512967386     
   1.5000000000000000       0.18750000000000000        72.299859447244529        2.7785613454089377     
   1.5000000000000000       0.25000000000000000        33.070732918312650        2.7620096463385937     
   1.5000000000000000       0.31250000000000000        15.188085603579337        2.8523504798145898     
   1.5000000000000000       0.37500000000000000        7.2996474267401661        3.1554126129216700     
   1.5000000000000000       0.43750000000000000        3.5991805150122613        3.6246605712154487     
   1.5000000000000000       0.50000000000000000        2.2899296219824734        3.8625991433265008     
   1.5000000000000000       0.56250000000000000        3.2792674526218986        3.6177782599160606     
   1.5000000000000000       0.62500000000000000        7.1866849472513259        3.1781771650354851     
   1.5000000000000000       0.68750000000000000        15.843811963578167        2.8728789321734207     
   1.5000000000000000       0.75000000000000000        34.289560364997193        2.7332869993700375     
   1.5000000000000000       0.81250000000000000        73.529514270390194        2.7115050728670558     
   1.5000000000000000       0.87500000000000000        143.39359332169229        2.9320430747776585     
   1.5000000000000000       0.93750000000000000        225.54826613147452        3.3862902944996307     

